LOAD {
	BACKGROUND1 BG01 0 0

}

MAIN {
	
	640 ENEMY -300 0 3 0
	640 ENEMY -300 0 3 0
	640 ENEMY -300 0 3 0
	640 ENEMY -300 100 3 0
	640 ENEMY -300 100 3 0
	640 ENEMY -300 100 3 0
	640 ENEMY -300 200 3 0
	640 ENEMY -300 200 3 0
	640 ENEMY -300 200 3 0
	640 ENEMY -300 300 3 0
	640 ENEMY -300 300 3 0
	640 ENEMY -300 300 3 0
	640 ENEMY -300 400 3 0
	640 ENEMY -300 400 3 0
	640 ENEMY -300 400 3 0
	640 ENEMY -300 500 3 0
	640 ENEMY -300 500 3 0
	640 ENEMY -300 500 3 0


	640 ENEMY -2300 0 3 0
	640 ENEMY -2300 0 3 0
	640 ENEMY -2300 0 3 0
	640 ENEMY -2300 100 3 0
	640 ENEMY -2300 100 3 0
	640 ENEMY -2300 100 3 0
	640 ENEMY -2300 200 3 0
	640 ENEMY -2300 200 3 0
	640 ENEMY -2300 200 3 0
	640 ENEMY -2300 300 3 0
	640 ENEMY -2300 300 3 0
	640 ENEMY -2300 300 3 0
	640 ENEMY -2300 400 3 0
	640 ENEMY -2300 400 3 0
	640 ENEMY -2300 400 3 0
	640 ENEMY -2300 500 3 0
	640 ENEMY -2300 500 3 0
	640 ENEMY -2300 500 3 0

	640 ENEMY -3300 0 3 0
	640 ENEMY -3300 0 3 0
	640 ENEMY -3300 0 3 0
	640 ENEMY -3300 100 3 0
	640 ENEMY -3300 100 3 0
	640 ENEMY -3300 100 3 0
	640 ENEMY -3300 200 3 0
	640 ENEMY -3300 200 3 0
	640 ENEMY -3300 200 3 0
	640 ENEMY -3300 300 3 0
	640 ENEMY -3300 300 3 0
	640 ENEMY -3300 300 3 0
	640 ENEMY -3300 400 3 0
	640 ENEMY -3300 400 3 0
	640 ENEMY -3300 400 3 0
	640 ENEMY -3300 500 3 0
	640 ENEMY -3300 500 3 0
	640 ENEMY -3300 500 3 0

	640 ENEMY 2300 0 3 0
	640 ENEMY 2300 0 3 0
	640 ENEMY 2300 0 3 0
	640 ENEMY 2300 100 3 0
	640 ENEMY 2300 100 3 0
	640 ENEMY 2300 100 3 0
	640 ENEMY 2300 200 3 0
	640 ENEMY 2300 200 3 0
	640 ENEMY 2300 200 3 0
	640 ENEMY 2300 300 3 0
	640 ENEMY 2300 300 3 0
	640 ENEMY 2300 300 3 0
	640 ENEMY 2300 400 3 0
	640 ENEMY 2300 400 3 0
	640 ENEMY 2300 400 3 0
	640 ENEMY 2300 500 3 0
	640 ENEMY 2300 500 3 0
	640 ENEMY 2300 500 3 0

	640 ENEMY 4300 0 3 0
	640 ENEMY 4300 0 3 0
	640 ENEMY 4300 0 3 0
	640 ENEMY 4300 100 3 0
	640 ENEMY 4300 100 3 0
	640 ENEMY 4300 100 3 0
	640 ENEMY 4300 200 3 0
	640 ENEMY 4300 200 3 0
	640 ENEMY 4300 200 3 0
	640 ENEMY 4300 300 3 0
	640 ENEMY 4300 300 3 0
	640 ENEMY 4300 300 3 0
	640 ENEMY 4300 400 3 0
	640 ENEMY 4300 400 3 0
	640 ENEMY 4300 400 3 0
	640 ENEMY 4300 500 3 0
	640 ENEMY 4300 500 3 0
	640 ENEMY 4300 500 3 0
	
	
	640 ENEMY 0 600 3 0
	640 ENEMY 0 600 3 0
	640 ENEMY 0 600 3 0
	640 ENEMY 100 600 3 0
	640 ENEMY 100 600 3 0
	640 ENEMY 100 600 3 0
	640 ENEMY 300 600 3 0
	640 ENEMY 300 600 3 0
	640 ENEMY 300 600 3 0
	640 ENEMY 400 600 3 0
	640 ENEMY 400 600 3 0
	640 ENEMY 400 600 3 0
	640 ENEMY 500 600 3 0
	640 ENEMY 500 600 3 0
	640 ENEMY 500 600 3 0
	640 ENEMY 1280 600 3 0
	640 ENEMY 1280 600 3 0
	640 ENEMY 1280 600 3 0

	640 ENEMY 0 2600 3 0
	640 ENEMY 0 2600 3 0
	640 ENEMY 0 2600 3 0
	640 ENEMY 100 2600 3 0
	640 ENEMY 100 2600 3 0
	640 ENEMY 100 2600 3 0
	640 ENEMY 300 2600 3 0
	640 ENEMY 300 2600 3 0
	640 ENEMY 300 2600 3 0
	640 ENEMY 400 2600 3 0
	640 ENEMY 400 2600 3 0
	640 ENEMY 400 2600 3 0
	640 ENEMY 500 2600 3 0
	640 ENEMY 500 2600 3 0
	640 ENEMY 500 2600 3 0
	640 ENEMY 1280 2600 3 0
	640 ENEMY 1280 2600 3 0
	640 ENEMY 1280 2600 3 0

	640 ENEMY 0 3600 3 0
	640 ENEMY 0 3600 3 0
	640 ENEMY 0 3600 3 0
	640 ENEMY 100 3600 3 0
	640 ENEMY 100 3600 3 0
	640 ENEMY 100 3600 3 0
	640 ENEMY 300 3600 3 0
	640 ENEMY 300 3600 3 0
	640 ENEMY 300 3600 3 0
	640 ENEMY 400 3600 3 0
	640 ENEMY 400 3600 3 0
	640 ENEMY 400 3600 3 0
	640 ENEMY 500 3600 3 0
	640 ENEMY 500 3600 3 0
	640 ENEMY 500 3600 3 0
	640 ENEMY 1280 3600 3 0
	640 ENEMY 1280 3600 3 0
	640 ENEMY 1280 3600 3 0

	640 ENEMY 0 -300 3 0
	640 ENEMY 0 -300 3 0
	640 ENEMY 0 -300 3 0
	640 ENEMY 100 -300 3 0
	640 ENEMY 100 -300 3 0
	640 ENEMY 100 -300 3 0
	640 ENEMY 300 -300 3 0
	640 ENEMY 300 -300 3 0
	640 ENEMY 300 -300 3 0
	640 ENEMY 400 -300 3 0
	640 ENEMY 400 -300 3 0
	640 ENEMY 400 -300 3 0
	640 ENEMY 500 -300 3 0
	640 ENEMY 500 -300 3 0
	640 ENEMY 500 -300 3 0
	640 ENEMY 1280 -300 3 0
	640 ENEMY 1280 -300 3 0
	640 ENEMY 1280 -300 3 0

	640 ENEMY 0 -2300 3 0
	640 ENEMY 0 -2300 3 0
	640 ENEMY 0 -2300 3 0
	640 ENEMY 100 -2300 3 0
	640 ENEMY 100 -2300 3 0
	640 ENEMY 100 -2300 3 0
	640 ENEMY 300 -2300 3 0
	640 ENEMY 300 -2300 3 0
	640 ENEMY 300 -2300 3 0
	640 ENEMY 400 -2300 3 0
	640 ENEMY 400 -2300 3 0
	640 ENEMY 400 -2300 3 0
	640 ENEMY 500 -2300 3 0
	640 ENEMY 500 -2300 3 0
	640 ENEMY 500 -2300 3 0
	640 ENEMY 1280 -2300 3 0
	640 ENEMY 1280 -2300 3 0
	640 ENEMY 1280 -2300 3 0

	640 ENEMY 0 -3300 3 0
	640 ENEMY 0 -3300 3 0
	640 ENEMY 0 -3300 3 0
	640 ENEMY 100 -3300 3 0
	640 ENEMY 100 -3300 3 0
	640 ENEMY 100 -3300 3 0
	640 ENEMY 300 -3300 3 0
	640 ENEMY 300 -3300 3 0
	640 ENEMY 300 -3300 3 0
	640 ENEMY 400 -3300 3 0
	640 ENEMY 400 -3300 3 0
	640 ENEMY 400 -3300 3 0
	640 ENEMY 500 -3300 3 0
	640 ENEMY 500 -3300 3 0
	640 ENEMY 500 -3300 3 0
	640 ENEMY 1280 -3300 3 0
	640 ENEMY 1280 -3300 3 0
	640 ENEMY 1280 -3300 3 0

	640 WAIT 

	640 BLOCK_SCROLL
	640 WAIT_DURATION 180

	100 LEVEL level3 
}

